1 1 
2 2 
3 3 
4 3 
5 3 
6 3 
7 3 
8 4 
9 4 
10 4 
10 5 
11 6 
12 7 
13 8 
14 8 
15 8 
16 8 
12 9 
17 10 
18 10 
19 10 
20 11 
21 11 
22 11 
23 12 
24 12 
25 12 
26 13 
27 13 
23 14 
24 14 
28 14 
29 15 
30 16 
31 17 
32 17 
33 18 
34 18 
35 18 
36 18 
37 19 
38 19 
39 20 
40 21 
41 22 
42 23 
13 24 
43 24 
44 24 
45 25 
46 25 
47 26 
48 26 
49 26 
50 27 
51 27 
52 27 
39 27 
53 27 
54 27 
55 27 
56 27 
57 28 
58 28 
59 28 
60 29 
59 29 
61 30 
62 31 
63 31 
64 31 
65 31 
66 32 
67 33 
68 33 
69 34 
70 35 
71 36 
72 36 
73 37 
74 37 
75 37 
76 38 
77 38 
78 39 
79 39 
80 39 
81 39 
31 40 
82 40 
83 40 
84 41 
85 41 
86 42 
87 42 
88 42 
89 42 
90 42 
91 42 
92 42 
93 42 
94 42 
95 43 
96 43 
28 43 
34 44 
33 44 
31 44 
97 44 
46 44 
98 45 
99 45 
100 45 
101 45 
102 45 
103 45 
104 46 
105 46 
106 46 
107 46 
40 46 
108 46 
109 47 
110 47 
111 48 
112 49 
113 49 
37 50 
114 50 
38 50 
115 51 
116 51 
117 51 
118 52 
119 52 
72 53 
120 53 
121 53 
122 53 
123 53 
124 54 
27 54 
125 54 
126 55 
127 55 
31 55 
128 55 
129 55 
130 55 
131 56 
132 57 
133 57 
134 57 
135 57 
136 58 
137 58 
138 58 
116 59 
130 59 
139 59 
140 59 
141 59 
142 59 
143 60 
144 60 
143 61 
116 61 
145 62 
146 62 
147 62 
148 62 
149 62 
150 62 
151 63 
152 63 
153 63 
154 64 
155 64 
151 65 
156 65 
17 65 
157 66 
158 66 
159 66 
139 66 
160 66 
161 66 
162 67 
163 67 
164 68 
165 68 
166 68 
167 69 
168 69 
169 69 
170 69 
171 69 
172 69 
173 70 
143 71 
174 71 
175 72 
176 72 
146 73 
177 73 
147 73 
178 74 
179 74 
180 74 
181 74 
182 74 
183 74 
113 74 
184 75 
185 75 
59 75 
31 76 
180 77 
186 77 
187 77 
178 77 
113 77 
188 78 
189 78 
190 78 
191 79 
192 80 
193 80 
194 80 
195 80 
196 80 
191 81 
197 81 
11 81 
198 82 
17 83 
199 84 
200 85 
59 85 
201 86 
202 86 
203 86 
204 87 
150 88 
145 88 
205 89 
206 90 
207 90 
208 91 
209 91 
210 91 
211 92 
212 92 
213 92 
113 92 
214 92 
215 92 
216 93 
217 93 
218 93 
32 93 
219 94 
220 95 
221 95 
222 95 
223 96 
224 96 
225 96 
226 96 
227 96 
228 96 
229 96 
144 97 
143 97 
133 98 
230 98 
31 98 
231 98 
232 98 
233 99 
59 99 
234 99 
128 100 
31 100 
235 101 
236 101 
237 102 
238 102 
22 102 
191 103 
239 103 
240 103 
59 104 
234 104 
241 104 
242 104 
243 104 
226 105 
224 105 
225 105 
227 105 
228 105 
223 105 
229 105 
228 106 
224 106 
225 106 
226 106 
227 106 
223 106 
229 106 
244 107 
234 107 
59 107 
31 108 
245 109 
246 109 
247 110 
248 110 
28 110 
12 110 
249 111 
250 112 
251 112 
252 113 
253 113 
131 113 
254 114 
73 114 
255 114 
75 114 
131 115 
256 115 
12 116 
257 116 
39 116 
258 116 
259 116 
260 116 
34 116 
261 116 
262 116 
117 117 
96 117 
32 117 
39 117 
263 117 
234 118 
111 118 
233 118 
264 118 
59 118 
265 119 
266 120 
59 120 
224 121 
226 121 
227 121 
228 121 
223 121 
229 121 
59 122 
234 122 
111 122 
267 123 
268 123 
269 123 
270 123 
271 123 
272 123 
273 123 
274 123 
275 123 
276 123 
277 123 
278 123 
279 123 
280 123 
281 123 
282 123 
283 123 
284 123 
285 123 
286 124 
69 124 
287 124 
288 125 
18 126 
289 126 
290 127 
291 127 
196 127 
126 128 
292 128 
293 128 
129 128 
216 129 
32 129 
85 130 
84 130 
294 131 
295 131 
296 131 
235 131 
79 132 
297 132 
298 132 
299 132 
300 133 
301 134 
302 134 
303 135 
304 136 
17 136 
305 136 
306 137 
51 137 
307 137 
308 138 
309 138 
113 139 
112 139 
178 139 
310 140 
69 141 
311 141 
233 142 
312 142 
313 142 
314 142 
250 143 
315 143 
251 143 
316 144 
317 144 
318 144 
42 145 
319 146 
50 146 
320 147 
321 147 
322 147 
71 147 
130 148 
323 148 
249 149 
225 149 
145 149 
324 150 
201 150 
264 150 
325 150 
234 150 
59 150 
70 151 
326 152 
327 152 
328 152 
221 153 
329 153 
149 154 
330 154 
147 155 
331 155 
332 155 
146 155 
333 156 
334 156 
335 156 
336 157 
337 158 
75 159 
27 159 
50 160 
112 161 
113 161 
178 161 
338 162 
339 163 
340 163 
59 163 
341 164 
114 165 
61 166 
38 166 
342 167 
343 167 
344 168 
345 168 
344 169 
346 170 
347 171 
348 172 
349 172 
350 173 
351 173 
352 173 
353 174 
354 174 
355 175 
356 175 
357 176 
358 176 
359 177 
360 177 
361 178 
362 178 
363 179 
364 179 
365 180 
366 180 
367 181 
368 182 
369 183 
370 183 
371 183 
372 184 
373 184 
374 185 
375 185 
376 186 
377 186 
378 186 
379 187 
380 188 
381 188 
382 189 
383 189 
384 189 
385 190 
386 191 
387 192 
388 192 
389 193 
390 193 
391 194 
392 194 
393 195 
394 196 
395 197 
396 197 
397 198 
398 198 
399 198 
400 199 
401 199 
402 199 
403 199 
404 200 
405 200 
406 201 
407 201 
408 202 
393 203 
409 203 
410 203 
411 204 
412 204 
413 205 
414 205 
415 205 
416 205 
417 205 
418 206 
419 206 
420 207 
421 208 
422 209 
423 209 
424 210 
425 210 
426 211 
427 212 
428 212 
429 212 
430 213 
431 213 
377 214 
378 214 
428 214 
432 215 
433 215 
434 215 
435 216 
436 216 
437 216 
438 216 
439 217 
440 218 
441 219 
442 219 
443 219 
444 219 
445 220 
446 220 
447 221 
448 221 
449 221 
450 222 
451 222 
452 222 
453 223 
454 223 
455 224 
456 225 
457 225 
381 225 
458 226 
459 227 
460 228 
461 229 
462 229 
405 229 
463 230 
464 230 
465 231 
466 231 
467 231 
468 231 
381 232 
469 232 
470 232 
471 232 
472 232 
473 233 
474 233 
475 234 
476 234 
477 235 
478 235 
479 235 
480 236 
481 236 
482 236 
483 236 
484 237 
485 237 
486 237 
487 238 
488 238 
419 239 
418 239 
489 240 
490 240 
491 240 
492 241 
493 241 
494 242 
495 242 
496 242 
497 243 
498 244 
499 245 
500 246 
501 246 
502 246 
503 246 
504 247 
505 247 
506 248 
507 249 
508 249 
509 249 
457 250 
510 250 
511 250 
512 250 
513 250 
381 250 
419 251 
379 251 
514 251 
515 252 
516 252 
517 252 
518 252 
519 253 
520 253 
521 253 
522 254 
523 254 
524 254 
525 255 
526 255 
527 255 
528 256 
529 256 
530 256 
531 257 
532 257 
533 257 
534 257 
535 258 
536 258 
373 258 
537 259 
538 259 
539 259 
540 259 
541 260 
542 260 
543 260 
544 261 
453 262 
545 263 
546 263 
547 263 
548 263 
549 264 
550 265 
551 265 
376 266 
378 266 
552 267 
520 267 
381 267 
553 268 
554 268 
555 269 
556 269 
557 269 
558 269 
559 269 
560 270 
561 271 
562 271 
542 272 
563 272 
564 273 
555 273 
565 273 
566 273 
567 274 
568 274 
569 275 
570 275 
571 276 
432 276 
572 276 
573 277 
574 277 
575 278 
576 278 
577 278 
578 279 
506 280 
579 281 
544 281 
405 282 
580 282 
581 283 
582 283 
583 284 
405 284 
410 285 
584 285 
585 285 
586 286 
587 286 
588 287 
589 287 
590 287 
591 288 
405 288 
592 288 
593 289 
594 289 
595 290 
596 290 
597 291 
598 291 
599 292 
367 292 
600 292 
601 293 
541 294 
543 294 
602 295 
603 295 
604 296 
605 296 
606 297 
607 297 
608 297 
609 298 
610 298 
611 298 
373 299 
612 299 
613 300 
614 300 
615 301 
378 301 
616 302 
617 302 
618 302 
615 303 
619 303 
378 303 
620 304 
621 305 
622 305 
587 305 
555 306 
623 306 
624 306 
625 307 
626 307 
448 307 
449 307 
627 308 
628 309 
629 309 
630 310 
631 310 
632 311 
633 311 
634 312 
381 312 
446 313 
635 313 
636 313 
501 314 
637 314 
638 314 
639 314 
640 315 
641 315 
642 316 
428 316 
377 316 
643 316 
644 317 
520 317 
381 317 
615 318 
378 318 
645 319 
646 319 
647 319 
648 319 
361 320 
649 320 
650 321 
651 322 
652 322 
653 323 
654 323 
655 323 
463 324 
464 324 
423 325 
527 326 
656 327 
657 327 
658 328 
479 328 
659 329 
377 329 
660 330 
661 330 
662 330 
663 330 
578 331 
664 331 
665 331 
666 332 
667 332 
668 333 
669 334 
670 334 
524 335 
500 336 
671 336 
672 337 
673 338 
674 339 
675 340 
419 341 
676 341 
677 342 
678 342 
679 343 
680 343 
681 344 
682 344 
683 344 
684 344 
685 345 
381 346 
470 346 
471 346 
472 346 
686 347 
687 347 
688 347 
361 348 
689 348 
690 349 
691 349 
692 350 
693 351 
694 351 
458 352 
695 352 
696 353 
697 353 
698 354 
699 354 
700 355 
701 356 
702 356 
703 357 
578 358 
704 358 
664 358 
705 359 
706 360 
376 361 
707 361 
378 361 
708 362 
709 362 
710 363 
711 363 
712 364 
713 365 
714 366 
715 366 
716 367 
405 367 
717 368 
718 368 
719 368 
720 368 
721 369 
722 369 
555 369 
723 369 
724 370 
556 371 
725 371 
555 371 
726 372 
727 372 
728 372 
648 373 
729 373 
648 374 
729 374 
569 375 
376 375 
730 376 
731 377 
732 377 
733 378 
734 378 
735 378 
736 379 
737 379 
738 379 
739 379 
740 379 
741 379 
742 379 
743 380 
744 380 
745 380 
746 380 
747 381 
748 381 
749 381 
750 381 
751 381 
752 381 
753 382 
754 382 
755 383 
756 383 
757 384 
758 385 
759 385 
760 385 
761 385 
762 386 
763 386 
764 386 
765 386 
766 386 
767 386 
734 387 
733 387 
735 387 
768 388 
769 388 
770 388 
771 389 
772 389 
773 389 
774 389 
